6.282 0.245
8.602 7.614
8.396 4.977
8.796 1.538
7.929 5.069
5.884 7.311
4.335 2.212
3.65 1.774
6.699 9.029
4.091 4.373
3.133 1.318
4.724 9.522
2.595 9.882
7.223 2.524
4.779 1.313
4.091 2.832
3.129 1.388
7.514 2.636
0.362 3.647
1.683 3.638
3.155 4.602
8.18 8.324
3.39 1.284
4.588 1.008
0.946 3.77
2.207 9.472
3.535 8.949
8.868 0.92
1.868 3.729
2.747 4.576
1.004 2.406
4.618 6.152
0.795 0.324
9.763 0.166
2.391 1.373
8.383 3.526
0.175 5.802
6.965 9.753
3.712 4.941
3.912 0.812
4.748 6.824
3.229 0.097
6.269 3.739
1.927 0.394
3.717 7.933
8.334 5.147
7.982 1.311
7.769 5.553
1.613 1.18
2.199 1.033
7.175 4.355
3.262 6.251
9.668 8.315
3.729 2.488
5.812 2.958
9.678 3.311
2.089 5.53
2.088 2.221
0.798 0.655
2.221 8.939
9.994 3.379
4.009 9.129
2.699 1.061
2.253 5.953
0.299 3.391
3.627 3.09
6.806 9.107
0.383 8.936
0.498 3.964
2.648 1.16
6.847 3.706
1.953 5.263
6.13 7.904
2.629 3.069
1 9.15
1.232 0.462
9.296 9.846
4.404 3.76
7.274 8.234
2.973 0.811
3.284 0.148
2.385 7.171
2.782 6.882
0.136 1.144
9.903 8.059
3.387 9.597
0.116 3.063
6.332 5.105
6.958 2.101
7.248 9.726
3.347 9.929
8.61 2.936
0.829 4.811
8.457 9.316
3.187 6.019
6.338 7.603
8.709 2.599
1.437 0.622
7.112 8.811
8.554 9.19
2.011 0.533
6.503 0.562
2.884 0.51
9.896 4.294
9.341 1.088
4.066 4.278
2.1 3.151
2.767 5.621
7.448 1.891
6.136 1.843
3.56 8.469
8.822 6.4
6.175 3.456
8.579 8.799
5.369 6.037
0.923 3.419
5.17 4.355
6.422 9.076
1.489 3.897
9.585 2.942
4.095 3.859
6.557 2.044
1.703 9.288
4.343 0.949
6.562 9.623
9.978 3.01
1.099 8.661
9.643 1.963
0.982 6.218
2.669 1.021
