2.569 8.994
2.873 4.357
1.979 7.664
6.983 0.018
2.667 0.571
8.27 7.098
9.95 6.823
9.441 9.824
7.628 4.807
5.525 1.235
7.654 7.933
9.52 4.073
9.016 8.011
2.569 9.145
7.127 9.099
7.27 5.252
3.052 5.132
5.162 1.809
8.521 2.577
9.81 1.319
2.397 8.529
8.476 0.507
3.233 8.003
2.849 0.017
8.662 6.521
1.335 3.421
0.578 4.778
6.384 8.485
8.136 6.285
3.91 5.117
3.088 0.336
3.197 7.897
8.599 6.709
9.155 3.085
1.574 0.893
4.021 6.494
0.901 9.711
2.634 3.128
6.712 2.229
8.896 2.748
4.185 9.028
9.094 1.545
2.211 8.863
1.926 5.62
7.723 7.909
8.706 2.574
9.346 4.402
2.527 9.261
0.05 1.601
7.393 7.389
3.793 5.111
3.862 4.248
2.523 8.662
3.148 7.933
2.857 9.74
5.7 3.806
6.643 2.349
3.93 7.545
0.237 8.48
5.805 0.175
7.952 9.626
8.007 1.985
3.777 8.718
9.725 0.456
8.726 6.045
2.581 9.936
8.1 1.973
2.287 3.557
0.978 9.094
6.082 8.508
4.647 8.331
4.736 2.173
3.234 1.362
7.921 3.583
1.561 2.23
4.599 3.199
7.692 7.432
0.157 4.421
5.577 9.454
3.948 5.18
9.455 7.596
7.009 1.247
7.123 4.44
2.372 5.099
7.019 6.842
2.196 3.571
0.763 5.696
2.496 3.507
5.618 7.183
5.127 8.73
9.834 5.759
9.724 8.935
2.214 1.286
0.512 0.964
5.342 1.456
5.251 7.067
7.13 6.886
5.468 6.017
5.489 4.602
2.8 9.825
