0.415 9.791
0.24 3.099
0.496 2.893
5.247 2.526
5.157 5.277
5.938 6.959
0.589 8.656
8.464 3.715
7.349 9.17
8.535 3.43
7.027 8.443
4.883 9.973
7.266 4.828
7.153 0.967
8.183 3.776
9.596 2.908
7.853 8.947
1.743 2.757
2.593 7.459
4.027 4.189
7.837 9.654
4.141 0.889
5.245 0.961
6.247 6.212
5.987 7.983
0.188 4.27
9.136 5.379
5.792 0.223
6.438 5.414
4.714 4.006
7.95 7.537
7.67 5.859
3.127 3.767
3.68 6.763
3.568 4.491
6.058 8.982
6.863 9.894
8.19 2.261
0.892 1.705
0.017 1.023
0.653 2.268
5.732 3.996
5.569 9.963
2.621 2.518
2.048 1.294
7.535 1.774
2.814 8.3
7.481 2.372
3.48 6.087
1.995 9.382
5.853 7.743
1.56 4.836
4.3 7.74
8.333 2.532
5.601 5.801
8.315 5.444
0.957 8.633
4.136 9.393
8.478 1.252
8.015 6.065
7.699 2.461
0.505 3.563
5.714 2.614
1.643 9.405
1.974 2.323
7.71 5.723
7.832 5.408
8.976 2.25
4.142 5.102
7.762 5.653
3.076 8.618
0.302 3.307
5.537 9.969
8.227 5.721
1.438 7.673
1.696 9.946
2.545 4.941
7.207 1.729
8.094 4.149
0.263 3.53
9.788 7.131
5.095 0.457
5.153 4.496
8.279 3.416
8.594 8.679
0.837 7.567
9.52 1.49
3.522 2.743
5.344 2.493
7.541 3.216
