3.921 4.846
1.278 1.229
5.303 5.755
5.418 6.887
3.485 7.421
8.298 1.739
4.914 9.217
0.907 6.215
5.583 3.811
1.137 3.749
7.992 4.492
7.532 3.506
4.856 8.943
4.753 9.615
6.118 6.601
2.738 5.508
9.915 7.844
6.004 6.582
3.869 0.249
1.354 3.496
0.497 8.317
3.142 4.956
3.056 1.341
8.744 1.915
1.361 1.416
2.958 5.499
0.582 9.548
2.659 1.742
9.701 4.939
8.459 4.325
0.449 8.509
7.961 6.44
1.131 5.574
1.492 4.233
4.337 7.952
7.293 6.13
1.588 2.521
4.608 7.958
8.479 0.273
5.003 0.229
9.503 0.695
1.098 8.423
7.442 7.451
3.872 7.188
7.599 2.985
7.871 3.128
8.059 7.505
6.252 4.448
3.3 4.111
6.825 6.813
2.632 6.405
5.243 3.793
0.777 8.517
8.632 5.43
7.291 2.668
4.201 8.33
0.117 0.553
9.241 6.751
5.121 4.059
8.26 5.265
