5.802 6.861
9.192 3.882
4.737 6.261
3.091 9.255
3.724 4.051
6.655 2.145
3.637 7.857
9.436 9.222
0.906 0.995
5.339 8.736
1.295 3.434
3.11 3.491
4.785 3.543
1.22 1.479
4.492 2.257
9.883 5.616
1.518 8.312
7.833 9.947
3.983 2.845
2.679 3.536
0.874 1.127
1.419 0.931
8.257 0.976
5.797 4.05
0.569 3.434
2.558 4.681
2.04 2.99
3.462 1.973
6.515 3.593
7.683 1.751
7.47 2.57
9.624 5.511
7.553 9.669
6.886 3.745
6.866 6.442
3.864 2.371
8.271 0.678
9.414 2.077
2.941 4.605
8.977 0.931
1.586 9.276
1.512 2.636
0.242 3.408
2.724 7.355
1.598 7.84
4.986 0.622
0.482 0.089
2.207 4.355
2.012 9.309
9.346 3.521
8.462 1.524
1.459 7.405
1.808 5.621
4.088 2.161
4.442 7.882
4.208 5.692
4.466 4.131
2.427 4.023
8.869 5.742
2.483 5.46
4.414 1.441
7.656 2.17
5.9 7.151
9.881 8.22
2.38 7.02
4.857 5.772
9.037 6.611
7.915 9.119
6.282 0.317
5.743 4.474
4.494 4.946
4.197 6.396
9.987 5.197
8.502 0.258
4.422 2.163
1.502 3.551
8.795 1.977
3.301 8.883
6.148 1.666
5.474 0.533
0.984 0.919
4.192 8.75
9.3 1.745
5.675 0.331
8.589 8.949
0.746 6.916
3.598 6.896
4.199 9.804
2.647 9.611
8.444 6.428
0.196 2.043
5.161 8.113
9.981 1.379
3.447 7.161
8.908 0.826
0.132 0.196
8.661 7.145
6.125 5.625
4.759 0.615
6.763 4.23
9.354 2.13
4.959 0.663
9.098 2.68
7.695 7.107
0.094 2.143
0.89 3.456
5.883 8.295
5.628 3.202
6.443 6.198
2.377 9.297
2.733 9.735
3.114 1.489
0.593 7.919
9.763 3.739
0.574 5.065
2.16 2.451
0.79 5.53
4.516 4.551
3.37 8.8
5.417 3.848
5.741 1.585
6.258 1.16
6.639 5.935
3.309 7.48
1.843 3.29
0.18 2.909
3.794 7.47
9.717 8.128
5.731 1.643
1.838 5.866
6.26 0.395
6.676 9.525
6.537 6.6
7.839 8.098
1.826 0.123
2.671 5.804
3.632 6.71
5.304 1.319
3.333 9.643
7.724 0.027
6.707 0.706
4.9 4.818
5.294 1.422
9.468 0.938
2.131 8.171
9.938 7.29
7.355 4.349
8.924 0.02
4.887 2.944
7.459 6.213
0.174 4.531
0.903 4.1
2.125 4.867
6.755 9.246
4.719 5.836
0.142 4.436
7.742 6.354
6.26 8.826
8.828 0.852
0.339 1.581
9.526 0.944
7.858 2.541
1.435 6.904
7.428 2.598
2.377 1.008
6.521 0.563
2.357 8.981
6.513 0.226
2.291 0.519
7.101 4.255
4.806 6.721
2.985 9.911
3.783 0.409
4.701 5.161
5.334 7.702
6.586 1.216
9.198 7.336
3.717 6.198
1.478 2.251
3.469 3.005
7.747 8.98
2.55 3.05
9.086 7.105
4.771 9.914
0.514 6.393
7.718 1.961
4.602 1.526
5.106 7.343
7.461 2.52
5.405 0.213
8.087 7.363
8.088 0.102
7.094 4.71
0.48 6.127
3.736 6.701
0.36 3.09
3.002 5.809
0.473 6.561
3.262 2.296
6.311 3.284
