6.068 6.532
7.697 9.176
9.459 8.39
7.278 9.817
0.569 4.142
2.657 9.169
3.564 3.622
2.261 4.34
2.796 7.228
0.344 3.912
2.833 5.507
5.582 6.332
4.734 6.403
1.084 9.898
4.917 8.459
6.82 8.411
7.739 3.686
6.715 2.865
2.202 3.735
6.193 6.737
3.24 8.442
5.644 5.737
5.375 9.808
2.765 2.192
6.463 5.758
4.52 7.855
2.987 9.661
2.886 4.697
2.035 2.673
2.734 3.501
2.943 3.104
6.694 5.837
1.937 9.67
2.329 5.731
9.803 9.645
2.984 5.352
2.547 6.471
7.971 5.705
7.944 6.202
1.148 5.174
8.47 7.294
7.068 5.588
5.025 2.092
3.175 3.703
5.587 7.196
3.772 0.098
3.389 0.389
5.771 2.885
2.754 8.737
5.207 3.465
