2.542 5.217
2.015 4.249
0.681 4.234
6.359 8.93
0.732 8.476
1.224 3.567
5.396 3.189
9.33 5.094
7.952 9.191
6.102 7.953
0.603 7.123
8.744 3.202
6.801 8.338
1.635 0.054
0.248 5.035
6.917 7.136
8.972 5.148
5.179 2.816
9.183 2.149
7.193 7.728
7.646 2.45
4.234 5.359
7.86 3.408
2.56 4.652
8.757 5.313
5.243 5.968
1.1 3.163
0.859 3.088
8.725 9.171
1.901 3.86
3.395 0.794
6.984 4.092
8.087 7.455
8.725 1.009
9.947 5.739
0.01 6.314
0.711 9.699
3.88 7.335
8.261 2.463
6.702 7.431
7.089 1.715
8.859 7.249
1.111 5.529
1.741 2.972
6.37 2.519
2.685 2.347
3.099 4.65
8.474 8.324
9.305 7.898
5.242 7.861
7.801 1.141
0.72 3.525
5.129 4.571
8.049 5.09
5.01 9.71
1.749 9.174
9.452 8.533
8.119 4.904
2.822 9.031
5.96 6.353
5.272 8.461
1.233 4.103
0.971 1.137
3.329 6.011
5.902 5.589
0.314 5.229
4.16 8.53
0.439 9.391
8.798 2.471
5.924 3.885
5.395 2.981
9.52 4.104
8.47 6.737
3.015 5.138
6.583 5.363
4.241 4.441
3.979 5.658
6.88 4.491
6.397 5.421
2.15 1.416
3.864 3.526
3.548 9.718
4.457 2.1
4.007 7.945
9.408 7.237
3.387 7.225
3.089 8.424
9.786 6.915
2.805 2.003
3.428 8.379
1.681 6.434
4.05 7.966
5.21 4.455
8.752 1.697
4.54 0.351
3.197 7.103
6.89 1.078
8.82 0.907
9.248 7.831
0.921 6.343
2.791 3.283
8.084 1.4
6.93 8.035
1.421 1.812
5.245 7.946
2.914 2.03
2.841 7.638
0.479 5.802
4.436 3.547
2.572 4.474
2.18 4.541
4.516 6.168
1.367 1.751
6.8 5.396
5.392 0.664
4.248 4.654
8.626 5.834
0.33 2.325
4.71 5.053
3.074 8.528
7.094 8.325
4.293 7.521
4.843 1.49
4.306 5.855
3.55 9.902
0.323 5.534
4.62 3.907
5.84 8.35
5.695 4.966
9.811 6.386
7.705 8.38
4.874 7.023
8.338 1.779
7.556 0.896
1.446 8.072
4.717 5.989
3.549 5.366
5.735 0.057
9.689 3.375
0.88 4.839
9.278 1.139
9.761 0.919
7.869 8.156
9.242 4.099
6.137 3.679
7.725 0.865
0.431 7.803
0.018 8.287
6.18 3.229
5.977 4.223
2.376 0.817
2.756 1.146
0.05 1.103
2.284 9.984
1.696 2.348
9.289 6.376
5.099 4.221
8.2 0.659
7.379 3.426
8.724 3.031
4.321 7.252
3.187 0.952
2.426 2.148
1.016 0.37
9.004 2.446
3.812 6.408
3.027 8.858
1.951 4.936
3.891 3.978
1.796 5.137
