7.601 2.709
0.787 1.848
1.554 4.309
0.277 3.695
9.359 8.441
2.765 2.334
1.341 1.364
4.845 3.033
9.804 5.25
2.997 1.682
8.152 4.228
7.975 7.596
0.272 1.033
8.319 3.917
5.444 3.544
6.17 0.43
5.251 6.134
5.373 8.913
0.481 0.444
0.148 1.303
8.77 9.466
7.406 1.932
0.308 7.502
9.774 6.424
4.433 2.529
4.274 7.98
5.001 3.6
7.195 5.975
8.843 3.863
8.197 2.061
5.106 8.731
8.848 4.533
2.175 8.439
7.899 7.764
9.356 6.612
0.411 6.733
9.396 1.401
8.58 4.839
2.212 5.12
3.278 1.516
3.172 1.484
2.215 2.542
3.794 8.617
9.203 3.323
4.147 4.836
3.596 8.493
0.006 5.436
9.662 6.313
0.287 5.908
5.449 3.717
2.216 1.406
5.927 4.217
0.723 3.109
4.714 2.937
0.82 4.891
4.929 4.753
8.786 4.704
0.514 7.468
2.648 3.747
7.847 4.749
7.967 9.195
4.347 5.22
6.599 5.319
6.902 7.01
2.26 7.803
0.911 4.347
5.716 8.589
5.577 4.077
6.232 1.207
3.389 4.572
8.933 2.988
3.974 1.302
2.049 2.512
6.866 1.087
0.258 0.247
